15 14 14
1.520800 1.636200 3.860000
721.530000 0.000000 609.550000 0.000000 721.530000 172.850000 0.000000 0.000000 1.000000
-2.638305 0.763446 23.234494
-2.580541 0.763446 22.034971
-2.559369 0.763446 20.870564
-2.534861 0.763446 19.705630
-2.480451 0.763446 18.474366
-2.497112 0.763446 17.821483
-2.581273 0.763446 17.127802
-2.645272 0.763446 16.382471
-2.626933 0.763446 15.081381
-2.578239 0.763446 13.721949
-2.510079 0.763446 12.156767
-2.498266 0.763446 10.697986
-2.446418 0.763446 9.212695
-2.383163 0.763446 7.756928
-2.466714 0.763446 6.735690
547.831376 213.967791
547.831376 214.346029
502.444828 202.620669
502.444828 202.620669
541.975048 201.485956
502.932856 201.485956
502.444828 201.107719
547.831376 214.346029
549.783486 191.273546
500.980746 189.760596
542.463075 180.304661
509.277212 180.682898
551.735596 180.304661
542.951102 179.548186
547.932085 214.589208
540.140456 180.567772
497.546216 204.182651
497.546216 204.182651
538.062688 204.182651
497.546216 204.182651
497.026774 204.182651
545.854317 216.190217
544.295991 191.774834
494.429565 191.374581
539.101572 180.968025
506.376729 181.368277
550.529295 180.567772
504.818403 180.968025
546.425970 218.268412
493.142328 223.794045
493.697366 205.942000
494.252404 205.942000
537.545363 205.942000
493.142328 206.367048
493.697366 205.942000
493.697366 206.367048
548.091084 191.490344
493.142328 193.615588
537.545363 181.289176
502.022935 182.564322
536.990325 181.289176
514.788808 180.864127
539.987718 222.893903
484.587701 226.519421
488.161896 207.938642
535.817824 182.106827
534.030727 207.485452
486.970497 207.485452
488.161896 195.249329
535.817824 207.938642
541.774815 195.702519
486.970497 195.249329
534.626426 181.653638
497.693081 182.106827
535.817824 181.653638
497.693081 182.106827
541.599559 222.359080
543.527282 220.902878
532.603518 210.224058
480.554995 194.205828
531.318369 209.253256
486.980739 210.709459
542.242133 221.873679
542.242133 222.359080
541.599559 193.235026
481.197570 195.176630
532.603518 181.585405
494.691631 182.070806
531.960943 180.614603
531.960943 180.614603
539.147837 223.534453
539.147837 223.534453
472.702972 211.008957
539.147837 223.534453
527.257703 209.443270
472.003552 211.008957
472.003552 210.487061
473.402391 211.008957
541.246096 192.220713
472.702972 194.308295
530.055381 180.217112
489.489043 180.739008
530.055381 180.217112
528.656542 180.217112
534.169298 223.285478
534.169298 223.849928
536.475855 224.414379
523.405364 178.693898
522.636511 209.174218
469.585694 211.432020
533.400445 223.849928
534.169298 223.849928
534.938150 191.111806
466.510284 192.805157
525.711921 178.129447
479.580775 178.693898
528.018478 178.129447
495.726676 177.564997
528.277284 226.642365
454.315904 211.889596
541.029246 219.265981
528.277284 226.642365
513.825060 211.889596
452.615642 211.889596
452.615642 211.889596
528.277284 226.027666
529.977546 190.375141
458.566558 192.219237
520.626107 176.851769
472.168651 178.081167
523.176499 175.622372
492.571790 174.392975
521.387746 231.482718
509.059696 178.159996
537.509043 221.358151
521.387746 230.807747
505.266450 215.283410
435.091392 215.283410
435.091392 215.283410
537.509043 222.033122
523.284370 197.059188
431.298146 196.384217
513.801254 176.810053
443.626196 177.485024
516.646189 175.460111
468.282298 175.460111
514.135335 239.634965
532.316270 228.407000
532.316270 228.407000
514.135335 239.634965
494.884934 220.921690
413.605463 219.424628
414.674930 219.424628
532.316270 228.407000
514.135335 198.465759
428.577997 197.717228
506.649068 178.255421
447.828398 180.501014
524.830003 178.255421
505.579602 178.255421
501.989933 246.638927
418.235658 204.681740
525.391862 234.051771
501.989933 246.638927
482.283044 227.338621
392.370367 228.177765
392.370367 229.016908
412.077255 204.681740
506.916655 205.520883
413.308936 203.842596
495.831530 182.864002
433.015824 182.864002
511.843377 179.507427
467.502878 176.150852
483.846929 262.247195
517.069519 241.264702
515.625058 242.218451
483.846929 262.247195
462.180022 235.542203
358.178870 238.403453
368.290094 239.357202
480.958008 262.247195
495.402612 206.929713
385.623619 206.929713
479.513547 185.947219
411.623907 184.993470
496.847072 182.132220
449.179878 178.317222
467.344535 276.255930
507.150123 249.719711
505.419446 250.825386
467.344535 276.255930
434.461658 248.614035
321.967603 240.874304
321.967603 239.768628
321.967603 239.768628
475.997924 219.866463
330.620992 213.232408
462.152502 186.696189
354.850481 191.118892
488.112668 186.696189
425.808269 181.167810
439.326969 291.668466
496.945602 260.093824
496.945602 260.093824
439.326969 291.668466
396.646501 264.040654
257.934978 260.093824
257.934978 262.725044
255.800955 264.040654
454.265133 228.519181
311.285564 227.203571
439.326969 190.366487
345.429939 190.366487
496.945602 189.050877
396.646501 185.104047
404.499014 318.321936
475.817008 274.084571
475.817008 274.084571
404.499014 318.321936
349.639019 283.237129
165.858036 289.338835
344.153020 277.135424
407.242014 235.948911
418.214013 238.999764
261.863027 242.050617
412.728013 191.711545
300.265024 196.287825
440.158011 190.186119
355.125019 190.186119
0.097274
0.005001
0.121402
0.003521
0.344712
0.274779
0.010387
0.008810
0.236118
0.226301
0.349379
0.349619
0.036852
0.005108
0.044039
0.102448
0.004701
0.104974
0.315836
0.283307
0.006269
0.006544
0.091468
0.320068
0.349892
0.302413
0.015164
0.063807
0.055489
0.002036
0.005878
0.121451
0.324297
0.296564
0.008007
0.005468
0.158120
0.316145
0.366050
0.363661
0.021118
0.012286
0.123524
0.002868
0.105338
0.005546
0.306925
0.287299
0.006322
0.003266
0.209957
0.185842
0.368052
0.312448
0.045864
0.015104
0.075167
0.101848
0.003990
0.103483
0.326721
0.108963
0.003058
0.005598
0.215329
0.320976
0.323273
0.329214
0.016774
0.008066
0.187311
0.081458
0.005567
0.086633
0.271605
0.210897
0.008422
0.085968
0.188827
0.297722
0.332780
0.300447
0.029174
0.085464
0.168953
0.103554
0.004696
0.103364
0.297217
0.108941
0.006125
0.009722
0.244551
0.320016
0.348114
0.311491
0.039914
0.007515
0.188705
0.102554
0.163577
0.106200
0.318825
0.119439
0.014821
0.008597
0.227448
0.240552
0.341247
0.333797
0.061789
0.008885
0.204472
0.001272
0.283604
0.014773
0.318479
0.148029
0.006966
0.007159
0.245815
0.193641
0.367828
0.279425
0.049890
0.015281
0.204061
0.103399
0.188876
0.134763
0.307585
0.258978
0.007193
0.006071
0.124259
0.302589
0.350017
0.341919
0.048418
0.014504
0.219653
0.101962
0.175528
0.117118
0.320698
0.229993
0.007309
0.005413
0.182397
0.230822
0.307885
0.344149
0.201473
0.018869
0.279336
0.021352
0.260747
0.010261
0.318811
0.123620
0.087292
0.007028
0.259158
0.086829
0.308701
0.275704
0.270855
0.024972
0.307455
0.025133
0.273817
0.026938
0.295137
0.099658
0.037087
0.010861
0.238054
0.134832
0.327001
0.287816
0.332359
0.027997
0.229285
0.007529
0.311324
0.034297
0.363959
0.217984
0.010094
0.009261
0.346670
0.236886
0.354995
0.370119
0.160010
0.026981
0.328325
0.011759
0.273912
0.048891
0.298140
0.291338
0.082040
0.004104
0.271227
0.042031
0.301969
0.306861
0.249156
0.021033
-2.051617 1.541439 21.883112
-3.602275 1.541568 22.093593
-1.749748 1.438912 24.337353
-3.175521 1.425293 24.527642
-2.363659 0.991783 21.223283
-3.499309 0.992213 21.366536
-1.849148 0.793623 25.020110
-2.890490 0.788236 25.161720
-1.901131 0.527027 22.598316
-3.522451 0.524829 22.819846
-2.158192 0.040248 22.888414
-3.184319 0.040550 23.032056
-2.017893 0.021760 24.092995
-2.970514 0.020768 24.237946
-1.446055 1.541439 21.095089
-2.924230 1.541568 20.581433
-2.286905 1.438912 23.420470
-3.644565 1.425293 22.945292
-1.425907 0.991783 20.365474
-2.503544 0.992213 19.979571
-2.684373 0.793623 23.984436
-3.677157 0.788236 23.639724
-1.635336 0.527027 21.801018
-3.181528 0.524829 21.265255
-1.995812 0.040248 21.943475
-2.975946 0.040550 21.607457
-2.415527 0.021760 23.081253
-3.330696 0.020768 22.779650
-1.712544 1.541439 19.665025
-3.273819 1.541568 19.558902
-1.911126 1.438912 22.129774
-3.346008 1.425293 22.029024
-1.885308 0.991783 18.955872
-3.026539 0.992213 18.867479
-2.145991 0.793623 22.778524
-3.194516 0.788236 22.707514
-1.709178 0.527027 20.395882
-3.341892 0.524829 20.286351
-2.019395 0.040248 20.628265
-3.053426 0.040550 20.562310
-2.124565 0.021760 21.836421
-3.086859 0.020768 21.786551
-2.149806 1.541439 18.283600
-3.653714 1.541568 18.716153
-1.496132 1.438912 20.668371
-2.879388 1.425293 21.062881
-2.554004 0.991783 17.675842
-3.656991 0.992213 17.981849
-1.495733 0.793623 21.358326
-2.505642 0.788236 21.649065
-1.897456 0.527027 18.969517
-3.469684 0.524829 19.423224
-2.109853 0.040248 19.293745
-3.104414 0.040550 19.584295
-1.796800 0.021760 20.465367
-2.718438 0.020768 20.746580
-1.517655 1.541439 17.359261
-3.060571 1.541568 17.098009
-1.960980 1.438912 19.791931
-3.378668 1.425293 19.548627
-1.618856 0.991783 16.636417
-2.745588 0.992213 16.434685
-2.259355 0.793623 20.414033
-3.295576 0.788236 20.238840
-1.587171 0.527027 18.086812
-3.200831 0.524829 17.815047
-1.919011 0.040248 18.287109
-2.941314 0.040550 18.118391
-2.144109 0.021760 19.478760
-3.096636 0.020768 19.333199
-1.234111 1.541439 17.063020
-2.618160 1.541568 16.332778
-2.415307 1.438912 19.235392
-3.686004 1.425293 18.561325
-1.104401 0.991783 16.344744
-2.111696 0.992213 15.801075
-2.893114 0.793623 19.733125
-3.822722 0.788236 19.242945
-1.527464 0.527027 17.732428
-2.975429 0.524829 16.970096
-1.905272 0.040248 17.819018
-2.823682 0.040550 17.339338
-2.491420 0.021760 18.880682
-3.350783 0.020768 18.444800
-1.504206 1.541439 16.122634
-3.010107 1.541568 15.697069
-2.206418 1.438912 18.493567
-3.589745 1.425293 18.099304
-1.527133 0.991783 15.393100
-2.625657 0.992213 15.071440
-2.569925 0.793623 19.079997
-3.581315 0.788236 18.794449
-1.651515 0.527027 16.838499
-3.226619 0.524829 16.394879
-2.002959 0.040248 17.001972
-3.001208 0.040550 16.724358
-2.354827 0.021760 18.162527
-3.286193 0.020768 17.915436
-1.674509 1.541439 15.274294
-3.215513 1.541568 15.001992
-2.135257 1.438912 17.703725
-3.551165 1.425293 17.450268
-1.770527 0.991783 14.550744
-2.895785 0.992213 14.340942
-2.438082 0.793623 18.323673
-3.473021 0.788236 18.141058
-1.749238 0.527027 16.001329
-3.360908 0.524829 15.718006
-2.082504 0.040248 16.199243
-3.103572 0.040550 16.023202
-2.316136 0.021760 17.389250
-3.267596 0.020768 17.236866
-2.015125 1.541439 13.741184
-3.569441 1.541568 13.922686
-1.759116 1.438912 16.200632
-3.188191 1.425293 16.364276
-2.314797 0.991783 13.075646
-3.452922 0.992213 13.197677
-1.871242 0.793623 16.881415
-2.915046 0.788236 17.003564
-1.878014 0.527027 14.459073
-3.503186 0.524829 14.650303
-2.140444 0.040248 14.744322
-3.169073 0.040550 14.868787
-2.022653 0.021760 15.951312
-2.977813 0.020768 16.078457
-1.554383 1.541439 12.662630
-3.080208 1.541568 12.315207
-2.133523 1.438912 15.066589
-3.535324 1.425293 14.744113
-1.614861 0.991783 11.935246
-2.728498 0.992213 11.670603
-2.466338 0.793623 15.670967
-3.491095 0.788236 15.437900
-1.664618 0.527027 13.385133
-3.260484 0.524829 13.023244
-2.007175 0.040248 13.566494
-3.018399 0.040550 13.340673
-2.298789 0.021760 14.743635
-3.241647 0.020768 14.544851
-1.362517 1.541439 11.232896
-2.833338 1.541568 10.698549
-2.235912 1.438912 13.546250
-3.586772 1.425293 13.052068
-1.332133 0.991783 10.503635
-2.404248 0.992213 10.102650
-2.641255 0.793623 14.104583
-3.629104 0.788236 13.745974
-1.561684 0.527027 11.936100
-3.100206 0.524829 11.378694
-1.924123 0.040248 12.073484
-2.899446 0.040550 11.723747
-2.359763 0.021760 13.205261
-3.270609 0.020768 12.890847
-2.354168 1.541439 9.231809
-3.765611 1.541568 9.907584
-1.314368 1.438912 11.475298
-2.613131 1.425293 12.093563
-2.853485 0.991783 8.699431
-3.890518 0.992213 9.183974
-1.199647 0.793623 12.155649
-2.147419 0.788236 12.609713
-1.991648 0.527027 9.866430
-3.466962 0.524829 10.574386
-2.147384 0.040248 10.221370
-3.080051 0.040550 10.672705
-1.644518 0.021760 11.324922
-2.506818 0.020768 11.754965
-2.168692 1.541439 7.765869
-3.636076 1.541568 8.309585
-1.338656 1.438912 10.095132
-2.688568 1.425293 10.591896
-2.617171 0.991783 7.190013
-3.694211 0.992213 7.577578
-1.286705 0.793623 10.783128
-2.272068 0.788236 11.148515
-1.865796 0.527027 8.431014
-3.399729 0.524829 9.000929
-2.053374 0.040248 8.770206
-3.023444 0.040550 9.134257
-1.653653 0.021760 9.915161
-2.551702 0.020768 10.264453
-1.807535 1.541439 6.400798
-3.356422 1.541568 6.623939
-1.485627 1.438912 8.852491
-2.909797 1.425293 9.054421
-2.124957 0.991783 5.743540
-3.259398 0.992213 5.896066
-1.579446 0.793623 9.536038
-2.619596 0.788236 9.686150
-1.651212 0.527027 7.114749
-3.270667 0.524829 7.349516
-1.905893 0.040248 7.406937
-2.930813 0.040550 7.558957
-1.755759 0.021760 8.610332
-2.707164 0.020768 8.763060
-2.463994 1.541439 5.262452
-3.804066 1.541568 6.070567
-1.213680 1.438912 7.395792
-2.447111 1.425293 8.135849
-3.012100 0.991783 4.780451
-3.997844 0.992213 5.362285
-1.034194 0.793623 8.061992
-1.934013 0.788236 8.604921
-2.042242 0.527027 5.859350
-3.442800 0.524829 6.705629
-2.163194 0.040248 6.227599
-3.048240 0.040550 6.766361
-1.556739 0.021760 7.277795
-2.373785 0.020768 7.788611
-0.030810 -0.038007 0.080578 0.061127 -0.037997 0.068035 -0.046726 -0.031727 -0.062331 0.034756 -0.030890 -0.073119 -0.012620 -0.005810 0.119556 0.055265 -0.005839 0.111020 -0.040264 0.005417 -0.101680 0.017785 0.005680 -0.109451 -0.039179 0.021243 0.037229 0.055613 0.021364 0.024258 -0.024040 0.049289 0.020778 0.035926 0.049276 0.012373 -0.031557 0.049887 -0.046231 0.023716 0.049937 -0.054656
-0.030717 -0.009450 -0.018082 0.022011 -0.006482 -0.019132 0.046763 0.011312 -0.016714 -0.053074 0.011743 0.020061 -0.076756 0.010638 0.120919 0.105768 0.009810 0.092841 0.074459 -0.005826 0.058998 -0.048854 -0.007599 0.087515 -0.035258 0.015318 -0.078321 0.006837 0.014878 -0.084425 -0.033150 -0.000924 -0.079942 0.003903 -0.001560 -0.086451 0.019869 -0.041950 -0.008073 -0.027242 -0.043818 -0.000563
0.043955 -0.043016 0.017991 -0.041374 -0.043801 0.048675 0.012087 -0.031686 0.023982 -0.011830 -0.034652 0.020606 0.035991 0.003442 0.014028 -0.024640 0.003354 0.017506 0.002143 -0.003151 0.107490 0.022535 -0.004272 0.096938 0.037338 0.006444 0.019220 -0.024541 0.004070 0.036798 -0.001921 0.037107 -0.015496 0.009026 0.035215 -0.013553 -0.036789 0.044175 -0.181401 -0.013097 0.042107 -0.188813
0.085534 0.096136 -0.005126 -0.066530 0.097739 0.009980 -0.064372 0.066602 0.007181 0.074008 0.067125 -0.001819 -0.020493 -0.015059 0.057086 0.029796 -0.014542 0.034348 -0.102825 0.024121 0.029785 0.093461 0.033402 0.002515 -0.008026 -0.042972 -0.001347 0.004249 -0.038337 -0.001050 -0.043333 -0.087234 -0.073134 -0.000121 -0.086295 -0.062930 -0.013788 -0.074899 -0.011333 0.007302 -0.069173 0.004613
0.011653 0.025727 -0.127684 -0.038800 0.029809 -0.118914 0.019026 0.009926 -0.029765 -0.026044 0.006103 0.020148 -0.044308 0.006271 0.038769 0.061152 0.004781 0.023919 -0.014887 0.006530 -0.036237 0.007761 0.008035 -0.022828 -0.006182 0.010219 0.092078 0.033028 0.011397 0.074983 0.033145 -0.012579 0.107901 -0.007391 -0.012580 0.097905 0.074284 -0.036052 -0.069493 -0.091637 -0.038945 -0.045957
-0.063924 -0.038007 0.057929 0.023744 -0.037997 0.088326 -0.013480 -0.031727 -0.076725 0.064070 -0.030890 -0.049492 -0.065332 -0.005810 0.100920 -0.000926 -0.005839 0.124011 0.010081 0.005417 -0.108896 0.065367 0.005680 -0.089571 -0.051781 0.021243 0.015482 0.038627 0.021364 0.046789 -0.030838 0.049289 0.007658 0.026445 0.049276 0.027285 -0.007233 0.049887 -0.055505 0.045873 0.049937 -0.038018
-0.019217 -0.009450 -0.030020 0.028284 -0.006482 -0.007108 0.049266 0.011312 0.006244 -0.056409 0.011743 -0.006114 -0.123149 0.010638 0.073126 0.052338 0.009810 0.130641 0.039722 -0.005826 0.086297 -0.083155 -0.007599 0.055954 0.003980 0.015318 -0.085799 0.044284 0.014878 -0.072203 0.006593 -0.000924 -0.086291 0.042584 -0.001560 -0.075337 0.021372 -0.041950 0.001787 -0.024041 -0.043818 -0.012824
0.031064 -0.043016 0.035926 -0.058915 -0.043801 0.024697 -0.000067 -0.031686 0.026855 -0.019871 -0.034652 0.013027 0.025754 0.003442 0.028790 -0.029894 0.003354 0.004468 -0.046708 -0.003151 0.096835 -0.023748 -0.004272 0.096648 0.024607 0.006444 0.034030 -0.038531 0.004070 0.021718 0.005296 0.037107 -0.014689 0.014180 0.035215 -0.008004 0.049239 0.044175 -0.178425 0.073721 0.042107 -0.174319
0.078603 0.096136 0.034116 -0.063849 0.097739 -0.021191 -0.060658 0.066602 -0.022712 0.066827 0.067125 0.031852 -0.044097 -0.015059 0.041644 0.011038 -0.014542 0.044111 -0.105178 0.024121 -0.019944 0.082216 0.033402 0.044516 -0.006548 -0.042972 -0.004831 0.004265 -0.038337 0.000985 -0.005568 -0.087234 -0.084825 0.028356 -0.086295 -0.056179 -0.007171 -0.074899 -0.016343 0.004426 -0.069173 0.007417
0.068146 0.025727 -0.108605 0.019182 0.029809 -0.123605 0.030431 0.009926 -0.017940 -0.032341 0.006103 0.006189 -0.057052 0.006271 0.014536 0.043721 0.004781 0.048992 0.003113 0.006530 -0.039052 0.017247 0.008035 -0.016849 -0.047161 0.010219 0.079325 -0.004459 0.011397 0.081814 -0.019244 -0.012579 0.111224 -0.050875 -0.012580 0.083975 0.097683 -0.036052 -0.028378 -0.060941 -0.038945 -0.082435
-0.046407 -0.038007 0.072722 0.046173 -0.037997 0.078952 -0.033216 -0.031727 -0.070464 0.048770 -0.030890 -0.064621 -0.036439 -0.005810 0.114565 0.031774 -0.005839 0.119875 -0.018962 0.005417 -0.107705 0.039463 0.005680 -0.103627 -0.045874 0.021243 0.028576 0.049588 0.021364 0.034961 -0.027732 0.049289 0.015511 0.032698 0.049276 0.019355 -0.021599 0.049887 -0.051639 0.034237 0.049937 -0.048759
-0.026446 -0.009450 -0.023897 0.025413 -0.006482 -0.014308 0.049171 0.011312 -0.006954 -0.056027 0.011743 0.008962 -0.099536 0.010638 0.102983 0.084904 0.009810 0.112239 0.061052 -0.005826 0.072785 -0.065478 -0.007599 0.075883 -0.018762 0.015318 -0.083817 0.023699 0.014878 -0.081318 -0.016371 -0.000924 -0.084980 0.021234 -0.001560 -0.083894 0.021088 -0.041950 -0.003906 -0.026570 -0.043818 -0.006038
0.039431 -0.043016 0.026474 -0.050329 -0.043801 0.039345 0.007010 -0.031686 0.025925 -0.015737 -0.034652 0.017802 0.032429 0.003442 0.020989 -0.027661 0.003354 0.012185 -0.019549 -0.003151 0.105719 0.002551 -0.004272 0.099490 0.032703 0.006444 0.026346 -0.031449 0.004070 0.031101 0.001239 0.037107 -0.015565 0.011571 0.035215 -0.011457 0.000498 0.044175 -0.185094 0.025197 0.042107 -0.187582
0.084814 0.096136 0.012205 -0.067176 0.097739 -0.003623 -0.064499 0.066602 -0.005930 0.072858 0.067125 0.013123 -0.031570 -0.015059 0.051790 0.022268 -0.014542 0.039645 -0.106716 0.024121 0.008467 0.091039 0.033402 0.021286 -0.007590 -0.042972 -0.002936 0.004374 -0.038337 -0.000173 -0.027717 -0.087234 -0.080363 0.012555 -0.086295 -0.061665 -0.011223 -0.074899 -0.013877 0.006224 -0.069173 0.005989
0.037129 0.025727 -0.122721 -0.014057 0.029809 -0.124292 0.024630 0.009926 -0.025323 -0.029568 0.006103 0.014490 -0.051208 0.006271 0.029052 0.055082 0.004781 0.035745 -0.007284 0.006530 -0.038492 0.012199 0.008035 -0.020797 -0.024599 0.010219 0.088947 0.017250 0.011397 0.080099 0.010736 -0.012579 0.112365 -0.026957 -0.012580 0.094411 0.086757 -0.036052 -0.053109 -0.080504 -0.038945 -0.063470
-0.018831 -0.038007 0.084187 0.070325 -0.037997 0.058478 -0.055250 -0.031727 -0.054917 0.023815 -0.030890 -0.077377 0.004805 -0.005810 0.120125 0.070742 -0.005839 0.101859 -0.054548 0.005417 -0.094787 0.001767 0.005680 -0.110873 -0.033382 0.021243 0.042504 0.058537 0.021364 0.015959 -0.020781 0.049289 0.024037 0.037338 0.049276 0.007047 -0.037912 0.049887 -0.041181 0.015561 0.049937 -0.057511
-0.033009 -0.009450 -0.013449 0.019012 -0.006482 -0.022115 0.043853 0.011312 -0.023302 -0.049615 0.011743 0.027527 -0.058459 0.010638 0.130749 0.118085 0.009810 0.076566 0.082210 -0.005826 0.047608 -0.035682 -0.007599 0.093661 -0.046216 0.015318 -0.072397 -0.005446 0.014878 -0.084526 -0.044364 -0.000924 -0.074306 -0.008642 -0.001560 -0.086107 0.018493 -0.041950 -0.010862 -0.027037 -0.043818 0.003383
0.046095 -0.043016 0.011444 -0.033898 -0.043801 0.054147 0.015429 -0.031686 0.021981 -0.008725 -0.034652 0.022101 0.037642 0.003442 0.008674 -0.021849 0.003354 0.020886 0.017667 -0.003151 0.106050 0.036319 -0.004272 0.092659 0.039726 0.006444 0.013617 -0.018961 0.004070 0.039960 -0.004142 0.037107 -0.015055 0.006971 0.035215 -0.014716 -0.062640 0.044175 -0.174173 -0.040269 0.042107 -0.184933
0.083894 0.096136 -0.017444 -0.064387 0.097739 0.019498 -0.062656 0.066602 0.016416 0.072966 0.067125 -0.012504 -0.012020 -0.015059 0.059450 0.034451 -0.014542 0.029677 -0.097435 0.024121 0.044344 0.092842 0.033402 -0.011030 -0.008136 -0.042972 -0.000172 0.004053 -0.038337 -0.001654 -0.053456 -0.087234 -0.066097 -0.009222 -0.086295 -0.062251 -0.015282 -0.074899 -0.009219 0.007893 -0.069173 0.003508
-0.006937 0.025727 -0.128027 -0.055592 0.029809 -0.112052 0.014521 0.009926 -0.032203 -0.022856 0.006103 0.023703 -0.038235 0.006271 0.044770 0.063969 0.004781 0.014823 -0.019972 0.006530 -0.033703 0.004377 0.008035 -0.023711 0.007201 0.010219 0.092004 0.043526 0.011397 0.069418 0.048403 -0.012579 0.101972 0.006848 -0.012580 0.097945 0.063452 -0.036052 -0.079506 -0.097321 -0.038945 -0.032219
-0.053426 -0.038007 0.067733 0.038072 -0.037997 0.083162 -0.026025 -0.031727 -0.073425 0.054969 -0.030890 -0.059437 -0.047680 -0.005810 0.110361 0.019665 -0.005839 0.122445 -0.008129 0.005417 -0.109059 0.049598 0.005680 -0.099176 -0.048494 0.021243 0.023860 0.045856 0.021364 0.039731 -0.029140 0.049289 0.012669 0.030606 0.049276 0.022518 -0.016343 0.049887 -0.053535 0.038928 0.049937 -0.045103
-0.023932 -0.009450 -0.026415 0.026713 -0.006482 -0.011703 0.049619 0.011312 -0.002017 -0.056641 0.011743 0.003331 -0.109307 0.010638 0.092547 0.073291 0.009810 0.120145 0.053491 -0.005826 0.078509 -0.072717 -0.007599 0.068977 -0.010313 0.015318 -0.085270 0.031689 0.014878 -0.078550 -0.007817 -0.000924 -0.086189 0.029492 -0.001560 -0.081359 0.021372 -0.041950 -0.001784 -0.025836 -0.043818 -0.008657
0.036595 -0.043016 0.030274 -0.054000 -0.043801 0.034131 0.004390 -0.031686 0.026494 -0.017434 -0.034652 0.016144 0.030175 0.003442 0.024117 -0.028738 0.003354 0.009367 -0.029992 -0.003151 0.103243 -0.007381 -0.004272 0.099249 0.029913 0.006444 0.029475 -0.034393 0.004070 0.027811 0.002785 0.037107 -0.015364 0.012655 0.035215 -0.010246 0.018949 0.044175 -0.184122 0.043773 0.042107 -0.184135
0.083175 0.096136 0.020600 -0.066480 0.097739 -0.010303 -0.063586 0.066602 -0.012331 0.071186 0.067125 0.020321 -0.036576 -0.015059 0.048384 0.018204 -0.014542 0.041668 -0.107029 0.024121 -0.002215 0.088464 0.033402 0.030256 -0.007259 -0.042972 -0.003678 0.004369 -0.038337 0.000264 -0.019567 -0.087234 -0.082726 0.018640 -0.086295 -0.060106 -0.009783 -0.074899 -0.014927 0.005596 -0.069173 0.006579
0.049179 0.025727 -0.118408 -0.001595 0.029809 -0.125074 0.027032 0.009926 -0.022741 -0.030865 0.006103 0.011470 -0.053849 0.006271 0.023801 0.051244 0.004781 0.041058 -0.003410 0.006530 -0.039027 0.014212 0.008035 -0.019478 -0.033345 0.010219 0.086051 0.009178 0.011397 0.081419 -0.000521 -0.012579 0.112876 -0.036235 -0.012580 0.091253 0.091620 -0.036052 -0.044194 -0.073775 -0.038945 -0.071180
-0.071914 -0.038007 0.047650 0.010183 -0.037997 0.090894 -0.001781 -0.031727 -0.077880 0.070788 -0.030890 -0.039287 -0.079774 -0.005810 0.089939 -0.019577 -0.005839 0.122460 0.026352 0.005417 -0.106139 0.078101 0.005680 -0.078715 -0.053521 0.021243 0.007514 0.031146 0.021364 0.052069 -0.031639 0.049289 0.002930 0.022038 0.049276 0.030953 0.001201 0.049887 -0.055962 0.051071 0.049937 -0.030682
-0.014481 -0.009450 -0.032570 0.029032 -0.006482 -0.002771 0.047765 0.011312 0.013587 -0.054847 0.011743 -0.014533 -0.132750 0.010638 0.053762 0.032084 0.009810 0.137029 0.026284 -0.005826 0.091291 -0.090628 -0.007599 0.042804 0.016845 0.015318 -0.084223 0.054644 0.014878 -0.064717 0.019503 -0.000924 -0.084316 0.053435 -0.001560 -0.068071 0.020860 -0.041950 0.004983 -0.021838 -0.043818 -0.016295
0.025305 -0.043016 0.040192 -0.061961 -0.043801 0.015551 -0.004107 -0.031686 0.026540 -0.021605 -0.034652 0.009889 0.021129 0.003442 0.032338 -0.030226 0.003354 -0.000081 -0.060747 -0.003151 0.088704 -0.038021 -0.004272 0.091974 0.019206 0.006444 0.037345 -0.041361 0.004070 0.015673 0.007446 0.037107 -0.013725 0.015223 0.035215 -0.005779 0.075527 0.044175 -0.168984 0.099113 0.042107 -0.161240
0.072575 0.096136 0.045556 -0.059933 0.097739 -0.030558 -0.056550 0.066602 -0.031581 0.061273 0.067125 0.041545 -0.049862 -0.015059 0.034534 0.004274 -0.014542 0.045269 -0.100979 0.024121 -0.035544 0.074582 0.033402 0.056381 -0.005747 -0.042972 -0.005762 0.004068 -0.038337 0.001616 0.007260 -0.087234 -0.084697 0.036487 -0.086295 -0.051273 -0.004630 -0.074899 -0.017236 0.003260 -0.069173 0.007998
0.083712 0.025727 -0.097114 0.037563 0.029809 -0.119311 0.032784 0.009926 -0.013157 -0.032904 0.006103 0.001252 -0.058590 0.006271 0.005785 0.035850 0.004781 0.055013 0.008954 0.006530 -0.038138 0.019586 0.008035 -0.014062 -0.058561 0.010219 0.071325 -0.016720 0.011397 0.080211 -0.035761 -0.012579 0.107062 -0.062932 -0.012580 0.075363 0.100841 -0.036052 -0.013356 -0.047842 -0.038945 -0.090667
-0.060396 -0.038007 0.061599 0.028913 -0.037997 0.086772 -0.017983 -0.031727 -0.075796 0.061039 -0.030890 -0.053185 -0.059265 -0.005810 0.104598 0.006391 -0.005839 0.123850 0.003639 0.005417 -0.109301 0.059969 0.005680 -0.093271 -0.050777 0.021243 0.018510 0.041320 0.021364 0.044429 -0.030333 0.049289 0.009464 0.028008 0.049276 0.025677 -0.010495 0.049887 -0.054982 0.043550 0.049937 -0.040658
-0.020954 -0.009450 -0.028834 0.027816 -0.006482 -0.008764 0.049548 0.011312 0.003327 -0.056671 0.011743 -0.002776 -0.118620 0.010638 0.080263 0.059954 0.009810 0.127326 0.044743 -0.005826 0.083803 -0.079710 -0.007599 0.060762 -0.001088 0.015318 -0.085884 0.039947 0.014878 -0.074689 0.001491 -0.000924 -0.086529 0.038065 -0.001560 -0.077718 0.021440 -0.041950 0.000523 -0.024756 -0.043818 -0.011383
0.033130 -0.043016 0.034031 -0.057356 -0.043801 0.028130 0.001517 -0.031686 0.026813 -0.019068 -0.034652 0.014177 0.027408 0.003442 0.027220 -0.029578 0.003354 0.006224 -0.040914 -0.003151 0.099422 -0.018005 -0.004272 0.097881 0.026572 0.006444 0.032519 -0.037183 0.004070 0.023953 0.004420 0.037107 -0.014975 0.013683 0.035215 -0.008827 0.038628 0.044175 -0.181019 0.063310 0.042107 -0.178364
0.080479 0.096136 0.029420 -0.064988 0.097739 -0.017388 -0.061893 0.066602 -0.019094 0.068590 0.067125 0.027854 -0.041564 -0.015059 0.044173 0.013621 -0.014542 0.043383 -0.106171 0.024121 -0.013705 0.084699 0.033402 0.039588 -0.006822 -0.042972 -0.004437 0.004316 -0.038337 0.000732 -0.010562 -0.087234 -0.084349 0.024992 -0.086295 -0.057754 -0.008122 -0.074899 -0.015892 0.004856 -0.069173 0.007143
0.061620 0.025727 -0.112436 0.011857 0.029809 -0.124521 0.029320 0.009926 -0.019704 -0.031919 0.006103 0.008086 -0.056095 0.006271 0.017876 0.046535 0.004781 0.046328 0.000804 0.006530 -0.039167 0.016223 0.008035 -0.017837 -0.042400 0.010219 0.081969 0.000375 0.011397 0.081934 -0.012649 -0.012579 0.112166 -0.045833 -0.012580 0.086830 0.095839 -0.036052 -0.034091 -0.065698 -0.038945 -0.078697
-0.053910 -0.038007 0.067349 0.037475 -0.037997 0.083432 -0.025498 -0.031727 -0.073609 0.055394 -0.030890 -0.059042 -0.048470 -0.005810 0.110017 0.018787 -0.005839 0.122583 -0.007347 0.005417 -0.109115 0.050307 0.005680 -0.098818 -0.048664 0.021243 0.023512 0.045570 0.021364 0.040059 -0.029230 0.049289 0.012460 0.030444 0.049276 0.022737 -0.015959 0.049887 -0.053651 0.039250 0.049937 -0.044823
-0.023742 -0.009450 -0.026586 0.026796 -0.006482 -0.011511 0.049632 0.011312 -0.001662 -0.056664 0.011743 0.002925 -0.109967 0.010638 0.091761 0.072428 0.009810 0.120667 0.052927 -0.005826 0.078890 -0.073210 -0.007599 0.068454 -0.009701 0.015318 -0.085341 0.032251 0.014878 -0.078321 -0.007199 -0.000924 -0.086242 0.030074 -0.001560 -0.081145 0.021385 -0.041950 -0.001631 -0.025773 -0.043818 -0.008842
0.036377 -0.043016 0.030535 -0.054244 -0.043801 0.033743 0.004200 -0.031686 0.026525 -0.017549 -0.034652 0.016019 0.030001 0.003442 0.024333 -0.028804 0.003354 0.009161 -0.030731 -0.003151 0.103025 -0.008092 -0.004272 0.099194 0.029701 0.006444 0.029688 -0.034592 0.004070 0.027564 0.002895 0.037107 -0.015343 0.012728 0.035215 -0.010155 0.020268 0.044175 -0.183981 0.045092 0.042107 -0.183817
0.083025 0.096136 0.021196 -0.066405 0.097739 -0.010779 -0.063496 0.066602 -0.012787 0.071039 0.067125 0.020831 -0.036922 -0.015059 0.048121 0.017905 -0.014542 0.041797 -0.107010 0.024121 -0.002982 0.088244 0.033402 0.030889 -0.007233 -0.042972 -0.003730 0.004367 -0.038337 0.000295 -0.018973 -0.087234 -0.082864 0.019071 -0.086295 -0.059971 -0.009676 -0.074899 -0.014997 0.005548 -0.069173 0.006619
0.050026 0.025727 -0.118052 -0.000698 0.029809 -0.125082 0.027195 0.009926 -0.022547 -0.030947 0.006103 0.011248 -0.054018 0.006271 0.023415 0.050949 0.004781 0.041424 -0.003130 0.006530 -0.039050 0.014351 0.008035 -0.019375 -0.033960 0.010219 0.085810 0.008595 0.011397 0.081483 -0.001329 -0.012579 0.112869 -0.036888 -0.012580 0.090991 0.091934 -0.036052 -0.043537 -0.073263 -0.038945 -0.071707
-0.032309 -0.038007 0.079989 0.059847 -0.037997 0.069164 -0.045554 -0.031727 -0.063192 0.036115 -0.030890 -0.072458 -0.014849 -0.005810 0.119300 0.053183 -0.005839 0.112032 -0.038359 0.005417 -0.102414 0.019824 0.005680 -0.109100 -0.039867 0.021243 0.036491 0.055151 0.021364 0.025292 -0.024423 0.049289 0.020326 0.035689 0.049276 0.013041 -0.030688 0.049887 -0.046812 0.024732 0.049937 -0.054203
-0.030374 -0.009450 -0.018652 0.022364 -0.006482 -0.018718 0.047067 0.011312 -0.015839 -0.053439 0.011743 0.019067 -0.079000 0.010638 0.119465 0.104017 0.009810 0.094798 0.073345 -0.005826 0.060378 -0.050479 -0.007599 0.086588 -0.033790 0.015318 -0.078965 0.008411 0.014878 -0.084282 -0.031652 -0.000924 -0.080546 0.005516 -0.001560 -0.086363 0.020017 -0.041950 -0.007701 -0.027226 -0.043818 -0.001071
0.043611 -0.043016 0.018808 -0.042275 -0.043801 0.047894 0.011637 -0.031686 0.024203 -0.012212 -0.034652 0.020382 0.035723 0.003442 0.014697 -0.024963 0.003354 0.017043 0.000136 -0.003151 0.107511 0.020722 -0.004272 0.097342 0.036973 0.006444 0.019913 -0.025224 0.004070 0.036333 -0.001631 0.037107 -0.015529 0.009278 0.035215 -0.013382 -0.033397 0.044175 -0.182057 -0.009570 0.042107 -0.189024
0.085615 0.096136 -0.003529 -0.066704 0.097739 0.008736 -0.064494 0.066602 0.005978 0.074029 0.067125 -0.000437 -0.021555 -0.015059 0.056694 0.029150 -0.014542 0.034898 -0.103363 0.024121 0.027861 0.093397 0.033402 0.004259 -0.007999 -0.042972 -0.001496 0.004268 -0.038337 -0.000971 -0.041961 -0.087234 -0.073930 0.001054 -0.086295 -0.062921 -0.013574 -0.074899 -0.011588 0.007215 -0.069173 0.004748
0.014034 0.025727 -0.127444 -0.036574 0.029809 -0.119618 0.019578 0.009926 -0.029404 -0.026416 0.006103 0.019658 -0.045024 0.006271 0.037935 0.060695 0.004781 0.025056 -0.014208 0.006530 -0.036508 0.008186 0.008035 -0.022679 -0.007900 0.010219 0.091947 0.031623 0.011397 0.075587 0.031125 -0.012579 0.108501 -0.009217 -0.012580 0.097750 0.075568 -0.036052 -0.068094 -0.090763 -0.038945 -0.047659
-0.057142 -0.038007 0.064628 0.033345 -0.037997 0.085167 -0.021864 -0.031727 -0.074769 0.058218 -0.030890 -0.056259 -0.053798 -0.005810 0.107512 0.012762 -0.005839 0.123356 -0.001996 0.005417 -0.109343 0.055085 0.005680 -0.096237 -0.049756 0.021243 0.021101 0.043554 0.021364 0.042242 -0.029805 0.049289 0.011014 0.029294 0.049276 0.024200 -0.013314 0.049887 -0.054368 0.041398 0.049937 -0.042848
-0.022412 -0.009450 -0.027716 0.027327 -0.006482 -0.010185 0.049654 0.011312 0.000770 -0.056739 0.011743 0.000147 -0.114328 0.010638 0.086267 0.066433 0.009810 0.124068 0.049001 -0.005826 0.081387 -0.076474 -0.007599 0.064788 -0.005511 0.015318 -0.085714 0.036047 0.014878 -0.076648 -0.002968 -0.000924 -0.086491 0.034011 -0.001560 -0.079576 0.021439 -0.041950 -0.000582 -0.025309 -0.043818 -0.010093
0.034839 -0.043016 0.032279 -0.055831 -0.043801 0.031047 0.002896 -0.031686 0.026699 -0.018312 -0.034652 0.015140 0.028774 0.003442 0.025772 -0.029218 0.003354 0.007739 -0.035738 -0.003151 0.101397 -0.012939 -0.004272 0.098679 0.028212 0.006444 0.031107 -0.035900 0.004070 0.025837 0.003643 0.037107 -0.015183 0.013210 0.035215 -0.009520 0.029251 0.044175 -0.182768 0.054037 0.042107 -0.181389
0.081888 0.096136 0.025235 -0.065797 0.097739 -0.014017 -0.062794 0.066602 -0.015880 0.069934 0.067125 0.024284 -0.039233 -0.015059 0.046255 0.015837 -0.014542 0.042624 -0.106736 0.024121 -0.008218 0.086626 0.033402 0.035173 -0.007042 -0.042972 -0.004079 0.004348 -0.038337 0.000509 -0.014893 -0.087234 -0.083693 0.021984 -0.086295 -0.058965 -0.008930 -0.074899 -0.015452 0.005218 -0.069173 0.006883
0.055746 0.025727 -0.115461 0.005426 0.029809 -0.124966 0.028266 0.009926 -0.021188 -0.031460 0.006103 0.009720 -0.055100 0.006271 0.020742 0.048859 0.004781 0.043869 -0.001215 0.006530 -0.039157 0.015283 0.008035 -0.018649 -0.038121 0.010219 0.084044 0.004595 0.011397 0.081806 -0.006854 -0.012579 0.112669 -0.041299 -0.012580 0.089075 0.093956 -0.036052 -0.038983 -0.069664 -0.038945 -0.075208
-0.064731 -0.038007 0.057026 0.022503 -0.037997 0.088651 -0.012402 -0.031727 -0.076907 0.064758 -0.030890 -0.048588 -0.066741 -0.005810 0.099993 -0.002666 -0.005839 0.123986 0.011608 0.005417 -0.108744 0.066617 0.005680 -0.088645 -0.051993 0.021243 0.014754 0.037967 0.021364 0.047327 -0.030942 0.049289 0.007224 0.026059 0.049276 0.027653 -0.006454 0.049887 -0.055601 0.046402 0.049937 -0.037371
-0.018794 -0.009450 -0.030287 0.028381 -0.006482 -0.006710 0.049173 0.011312 0.006935 -0.056318 0.011743 -0.006905 -0.124163 0.010638 0.071390 0.050500 0.009810 0.131362 0.038507 -0.005826 0.086846 -0.083932 -0.007599 0.054782 0.005183 0.015318 -0.085734 0.045292 0.014878 -0.071574 0.007803 -0.000924 -0.086190 0.043636 -0.001560 -0.074732 0.021345 -0.041950 0.002087 -0.023859 -0.043818 -0.013160
0.030557 -0.043016 0.036359 -0.059256 -0.043801 0.023868 -0.000444 -0.031686 0.026852 -0.020052 -0.034652 0.012747 0.025348 0.003442 0.029148 -0.029954 0.003354 0.004048 -0.048062 -0.003151 0.096170 -0.025101 -0.004272 0.096306 0.024127 0.006444 0.034372 -0.038832 0.004070 0.021175 0.005501 0.037107 -0.014613 0.014291 0.035215 -0.007805 0.051737 0.044175 -0.177717 0.076160 0.042107 -0.173267
0.078117 0.096136 0.035216 -0.063545 0.097739 -0.022085 -0.060334 0.066602 -0.023561 0.066374 0.067125 0.032786 -0.044677 -0.015059 0.041021 0.010418 -0.014542 0.044261 -0.104887 0.024121 -0.021418 0.081584 0.033402 0.045665 -0.006480 -0.042972 -0.004923 0.004251 -0.038337 0.001045 -0.004377 -0.087234 -0.084895 0.029141 -0.086295 -0.055776 -0.006941 -0.074899 -0.016442 0.004322 -0.069173 0.007478
0.069663 0.025727 -0.107638 0.020914 0.029809 -0.123323 0.030680 0.009926 -0.017512 -0.032424 0.006103 0.005735 -0.057251 0.006271 0.013734 0.043029 0.004781 0.049601 0.003661 0.006530 -0.039004 0.017482 0.008035 -0.016606 -0.048270 0.010219 0.078655 -0.005607 0.011397 0.081743 -0.020802 -0.012579 0.110943 -0.052048 -0.012580 0.083253 0.098072 -0.036052 -0.027005 -0.059778 -0.038945 -0.083282
-0.004621 -0.038007 0.086144 0.079043 -0.037997 0.046017 -0.063586 -0.031727 -0.045003 0.010664 -0.030890 -0.080254 0.024644 -0.005810 0.117668 0.086642 -0.005839 0.088728 -0.069500 0.005417 -0.084438 -0.016630 0.005680 -0.109633 -0.025878 0.021243 0.047448 0.060372 0.021364 0.006039 -0.016511 0.049289 0.027148 0.037990 0.049276 0.000762 -0.044211 0.049887 -0.034329 0.005817 0.049937 -0.059295
-0.034782 -0.009450 -0.007793 0.015085 -0.006482 -0.024959 0.039386 0.011312 -0.030247 -0.044367 0.011743 0.035368 -0.035986 0.010638 0.138629 0.129139 0.009810 0.055941 0.088962 -0.005826 0.033328 -0.019669 -0.007599 0.098279 -0.057573 0.015318 -0.063739 -0.019377 0.014878 -0.082455 -0.056063 -0.000924 -0.065928 -0.022791 -0.001560 -0.083484 0.016437 -0.041950 -0.013776 -0.026102 -0.043818 0.007816
0.047354 -0.043016 0.003648 -0.024457 -0.043801 0.059015 0.018858 -0.031686 0.019121 -0.004942 -0.034652 0.023241 0.038559 0.003442 0.002317 -0.018086 0.003354 0.024218 0.034996 -0.003151 0.101656 0.051171 -0.004272 0.085360 0.041433 0.006444 0.006846 -0.012077 0.004070 0.042550 -0.006579 0.037107 -0.014160 0.004436 0.035215 -0.015667 -0.090635 0.044175 -0.161385 -0.070356 0.042107 -0.175704
0.079843 0.096136 -0.031104 -0.060266 0.097739 0.029897 -0.059070 0.066602 0.026571 0.069886 0.067125 -0.024422 -0.002003 -0.015059 0.060620 0.038892 -0.014542 0.023559 -0.088740 0.024121 0.059877 0.089731 0.033402 -0.026261 -0.008052 -0.042972 0.001179 0.003723 -0.038337 -0.002302 -0.063669 -0.087234 -0.056326 -0.019409 -0.086295 -0.059862 -0.016598 -0.074899 -0.006559 0.008365 -0.069173 0.002152
-0.028056 0.025727 -0.125107 -0.073390 0.029809 -0.101291 0.008984 0.009926 -0.034164 -0.018612 0.006103 0.027162 -0.030287 0.006271 0.050487 0.065541 0.004781 0.004018 -0.025280 0.006530 -0.029927 0.000388 0.008035 -0.024108 0.022347 0.010219 0.089539 0.054427 0.011397 0.061246 0.064631 -0.012579 0.092542 0.022983 -0.012580 0.095456 0.049400 -0.036052 -0.088921 -0.101314 -0.038945 -0.015648
-0.012488 -0.038007 0.085359 0.074498 -0.037997 0.053060 -0.059199 -0.031727 -0.050635 0.017967 -0.030890 -0.078941 0.013767 -0.005810 0.119430 0.078155 -0.005839 0.096288 -0.061478 0.005417 -0.090446 -0.006523 0.005680 -0.110695 -0.030113 0.021243 0.044879 0.059566 0.021364 0.011541 -0.018927 0.049289 0.025522 0.037760 0.049276 0.004237 -0.040883 0.049887 -0.038233 0.011221 0.049937 -0.058513
-0.033922 -0.009450 -0.010945 0.017306 -0.006482 -0.023474 0.041990 0.011312 -0.026514 -0.047419 0.011743 0.031157 -0.048526 0.010638 0.134752 0.123476 0.009810 0.067529 0.085537 -0.005826 0.041332 -0.028584 -0.007599 0.096065 -0.051496 0.015318 -0.068742 -0.011747 0.014878 -0.083883 -0.049792 -0.000924 -0.070784 -0.015052 -0.001560 -0.085220 0.017629 -0.041950 -0.012213 -0.026708 -0.043818 0.005394
0.046821 -0.043016 0.007968 -0.029758 -0.043801 0.056528 0.017028 -0.031686 0.020767 -0.007049 -0.034652 0.022691 0.038185 0.003442 0.005837 -0.020227 0.003354 0.022460 0.025542 -0.003151 0.104433 0.043141 -0.004272 0.089687 0.040632 0.006444 0.010611 -0.015922 0.004070 0.041265 -0.005255 0.037107 -0.014703 0.005852 0.035215 -0.015195 -0.075479 0.044175 -0.169005 -0.053974 0.042107 -0.181407
0.082356 0.096136 -0.023664 -0.062750 0.097739 0.024254 -0.061254 0.066602 0.021052 0.071828 0.067125 -0.017921 -0.007545 -0.015059 0.060182 0.036572 -0.014542 0.027020 -0.093850 0.024121 0.051501 0.091758 0.033402 -0.017936 -0.008126 -0.042972 0.000436 0.003918 -0.038337 -0.001952 -0.058245 -0.087234 -0.061918 -0.013847 -0.086295 -0.061388 -0.015928 -0.074899 -0.008052 0.008133 -0.069173 0.002908
-0.016484 0.025727 -0.127150 -0.063809 0.029809 -0.107585 0.012074 0.009926 -0.033198 -0.021021 0.006103 0.025344 -0.034782 0.006271 0.047502 0.064898 0.004781 0.010001 -0.022434 0.006530 -0.032116 0.002594 0.008035 -0.023971 0.014055 0.010219 0.091209 0.048591 0.011397 0.065971 0.055887 -0.012579 0.098070 0.014147 -0.012580 0.097159 0.057334 -0.036052 -0.084025 -0.099456 -0.038945 -0.024858
-0.030151 -0.038007 0.080827 0.061681 -0.037997 0.067533 -0.047234 -0.031727 -0.061947 0.034158 -0.030890 -0.073401 -0.011643 -0.005810 0.119656 0.056170 -0.005839 0.110564 -0.041093 0.005417 -0.101347 0.016890 0.005680 -0.109593 -0.038873 0.021243 0.037548 0.055810 0.021364 0.023803 -0.023869 0.049289 0.020974 0.036026 0.049276 0.012079 -0.031933 0.049887 -0.045972 0.023269 0.049937 -0.054847
-0.030864 -0.009450 -0.017830 0.021854 -0.006482 -0.019312 0.046625 0.011312 -0.017096 -0.052909 0.011743 0.020494 -0.075766 0.010638 0.121542 0.106523 0.009810 0.091973 0.074939 -0.005826 0.058388 -0.048138 -0.007599 0.087911 -0.035897 0.015318 -0.078030 0.006147 0.014878 -0.084478 -0.033802 -0.000924 -0.079668 0.003197 -0.001560 -0.086480 0.019803 -0.041950 -0.008235 -0.027245 -0.043818 -0.000340
0.044100 -0.043016 0.017631 -0.040975 -0.043801 0.049011 0.012283 -0.031686 0.023882 -0.011661 -0.034652 0.020702 0.036105 0.003442 0.013733 -0.024496 0.003354 0.017707 0.003021 -0.003151 0.107469 0.023326 -0.004272 0.096751 0.037494 0.006444 0.018914 -0.024240 0.004070 0.036997 -0.002047 0.037107 -0.015479 0.008915 0.035215 -0.013626 -0.038270 0.044175 -0.181095 -0.014639 0.042107 -0.188700
0.085490 0.096136 -0.005825 -0.066446 0.097739 0.010523 -0.064311 0.066602 0.007706 0.073990 0.067125 -0.002424 -0.020026 -0.015059 0.057252 0.030075 -0.014542 0.034104 -0.102578 0.024121 0.030624 0.093478 0.033402 0.001751 -0.008036 -0.042972 -0.001281 0.004241 -0.038337 -0.001085 -0.043929 -0.087234 -0.072778 -0.000635 -0.086295 -0.062927 -0.013880 -0.074899 -0.011220 0.007340 -0.069173 0.004553
0.010610 0.025727 -0.127775 -0.039770 0.029809 -0.118593 0.018782 0.009926 -0.029919 -0.025879 0.006103 0.020360 -0.043990 0.006271 0.039130 0.061346 0.004781 0.023419 -0.015182 0.006530 -0.036114 0.007574 0.008035 -0.022891 -0.005430 0.010219 0.092126 0.033639 0.011397 0.074711 0.034026 -0.012579 0.107626 -0.006591 -0.012580 0.097962 0.073714 -0.036052 -0.070097 -0.092009 -0.038945 -0.045207
0.003668 -0.038007 0.086190 0.083094 -0.037997 0.038218 -0.067612 -0.031727 -0.038692 0.002912 -0.030890 -0.080907 0.035823 -0.005810 0.114759 0.094758 -0.005839 0.080004 -0.077283 0.005417 -0.077378 -0.027075 0.005680 -0.107531 -0.021204 0.021243 0.049712 0.060673 0.021364 0.000217 -0.013830 0.049289 0.028607 0.037887 0.049276 -0.002887 -0.047302 0.049887 -0.029928 0.000099 0.049937 -0.059579
-0.035369 -0.009450 -0.004419 0.012620 -0.006482 -0.026292 0.036301 0.011312 -0.033887 -0.040768 0.011743 0.039463 -0.022515 0.010638 0.141443 0.133912 0.009810 0.043288 0.091750 -0.005826 0.024636 -0.010146 -0.007599 0.099713 -0.063425 0.015318 -0.057919 -0.027201 0.014878 -0.080215 -0.062132 -0.000924 -0.060243 -0.030698 -0.001560 -0.080911 0.015039 -0.041950 -0.015290 -0.025232 -0.043818 0.010286
0.047485 -0.043016 -0.000914 -0.018681 -0.043801 0.061090 0.020606 -0.031686 0.017223 -0.002689 -0.034652 0.023608 0.038603 0.003442 -0.001394 -0.015678 0.003354 0.025842 0.044590 -0.003151 0.097828 0.059127 -0.004272 0.080055 0.041899 0.006444 0.002838 -0.007938 0.004070 0.043512 -0.007908 0.037107 -0.013463 0.002912 0.035215 -0.016021 -0.105705 0.044175 -0.151942 -0.086894 0.042107 -0.168141
0.076490 0.096136 -0.038623 -0.057118 0.097739 0.035543 -0.056247 0.066602 0.032118 0.067219 0.067125 -0.031017 0.003824 -0.015059 0.060532 0.040973 -0.014542 0.019717 -0.082584 0.024121 0.068117 0.086796 0.033402 -0.034752 -0.007902 -0.042972 0.001946 0.003485 -0.038337 -0.002649 -0.068781 -0.087234 -0.049955 -0.025065 -0.086295 -0.057723 -0.017151 -0.074899 -0.004936 0.008533 -0.069173 0.001339
-0.039933 0.025727 -0.121837 -0.082773 0.029809 -0.093780 0.005663 0.009926 -0.034869 -0.015920 0.006103 0.028823 -0.025302 0.006271 0.053161 0.065624 0.004781 -0.002291 -0.028036 0.006530 -0.027363 -0.001928 0.008035 -0.024034 0.030837 0.010219 0.086981 0.060054 0.011397 0.055740 0.073214 -0.012579 0.085912 0.032038 -0.012580 0.092810 0.040638 -0.036052 -0.093252 -0.102348 -0.038945 -0.005852
0.297724 -0.602760 0.738304 -0.522924 -0.234852
0.981460 0.000001 0.191666 -0.000000 1.000000 -0.000004 -0.191666 0.000003 0.981460
0.988946 0.000000 -0.148277 -0.000001 1.000000 -0.000002 0.148277 0.000002 0.988946
0.998823 -0.000000 0.048514 0.000000 1.000000 -0.000003 -0.048514 0.000003 0.998823
0.973029 0.000000 0.230682 0.000000 1.000000 -0.000003 -0.230682 0.000003 0.973029
0.998797 -0.000002 -0.049043 0.000002 1.000000 -0.000002 0.049043 0.000002 0.998797
0.981820 -0.000002 -0.189816 0.000002 1.000000 -0.000003 0.189816 0.000003 0.981820
0.977316 -0.000003 -0.211784 0.000003 1.000000 -0.000002 0.211784 0.000002 0.977316
0.982833 -0.000004 -0.184497 0.000004 1.000000 -0.000003 0.184497 0.000002 0.982833
0.994344 -0.000003 0.106210 0.000004 1.000000 -0.000003 -0.106210 0.000003 0.994344
0.961797 -0.000006 -0.273762 0.000006 1.000000 -0.000002 0.273762 0.000001 0.961797
0.952992 -0.000004 -0.302994 0.000002 1.000000 -0.000007 0.302994 0.000006 0.952992
0.923180 -0.000003 0.384367 0.000005 1.000000 -0.000006 -0.384367 0.000007 0.923180
0.958269 -0.000003 0.285866 0.000005 1.000000 -0.000005 -0.285866 0.000007 0.958269
0.997763 -0.000004 0.066844 0.000005 1.000000 -0.000007 -0.066844 0.000008 0.997763
0.891481 -0.000001 0.453058 0.000007 1.000000 -0.000010 -0.453058 0.000012 0.891481
4.000000 0.088704 4.153080
-4.000000 0.121303 4.103060
0.633168 0.088282 2.735780
4.000000 0.157240 5.181110
-1.380280 0.100945 3.571040
-4.000000 0.093430 3.495850
-4.000000 -0.013061 3.018870
-3.167130 -0.082958 1.709510
1.616950 -0.103226 0.910512
-4.000000 -0.016667 2.174180
-4.000000 -0.010633 1.543940
3.514570 0.094454 5.020390
2.095910 0.121486 3.986050
0.257432 0.076299 1.759440
2.426280 0.123981 3.696520
