-2.28327 1.48449 25.3452
-3.75218 1.47725 25.2805
-2.29799 1.44437 27.8255
-3.92487 1.43227 27.6572
-2.24692 1.0988 24.3711
-3.66361 1.10046 24.291
-2.46721 0.838348 28.5935
-3.8207 0.819137 28.4896
-2.09357 0.6394 25.8286
-3.92485 0.628313 25.7451
-2.46847 0.23013 26.0946
-3.53235 0.227703 26.0433
-2.68051 0.226702 27.3914
-3.47317 0.221172 27.3365
-2.39072 1.51705 25.2768
-3.83944 1.50982 25.0256
-2.72112 1.47693 27.735
-4.31332 1.46484 27.361
-2.23064 1.13137 24.3153
-3.62562 1.13303 24.0555
-2.98674 0.87091 28.4752
-4.31598 0.851698 28.1999
-2.26412 0.671967 25.7805
-4.06987 0.660879 25.4645
-2.66983 0.262696 25.9966
-3.71852 0.260268 25.8102
-3.04526 0.259265 27.2558
-3.82448 0.253735 27.1005
-2.113 1.48405 22.3979
-3.57562 1.47682 22.2475
-2.2726 1.44393 24.8731
-3.88686 1.43184 24.61
-2.01981 1.09836 21.4276
-3.42941 1.10003 21.2649
-2.4864 0.837909 25.6299
-3.8315 0.818699 25.4471
-1.95187 0.638963 22.8916
-3.77515 0.627876 22.7013
-2.34167 0.229693 23.1352
-3.40074 0.227265 23.0219
-2.62911 0.226264 24.4174
-3.41721 0.220734 24.3163
-2.37321 1.553 22.5909
-3.84078 1.54577 22.6809
-2.12733 1.51289 25.059
-3.76289 1.50079 25.0625
-2.43937 1.16732 21.6184
-3.85664 1.16898 21.6876
-2.21495 0.906863 25.8405
-3.57186 0.887653 25.8794
-2.13378 0.707916 23.0517
-3.9637 0.696831 23.1611
-2.47867 0.298646 23.3557
-3.54205 0.296219 23.4164
-2.55333 0.295217 24.6675
-3.34737 0.289688 24.6962
-2.1266 1.49669 21.087
-3.58888 1.48946 20.9333
-2.29182 1.45657 23.5618
-3.90548 1.44448 23.2951
-2.03121 1.111 20.1169
-3.44043 1.11267 19.951
-2.50734 0.850548 24.3181
-3.85202 0.83134 24.1323
-1.96659 0.651603 21.581
-3.78944 0.64052 21.3866
-2.35695 0.242334 21.8238
-3.41575 0.239908 21.708
-2.6473 0.238904 23.1053
-3.43516 0.233376 23.0024
-2.07147 1.48919 20.5701
-3.48431 1.48196 20.163
-2.66709 1.44907 22.9779
-4.2092 1.43698 22.433
-1.80783 1.1035 19.6317
-3.16631 1.10517 19.2219
-3.01159 0.843051 23.6848
-4.30303 0.823842 23.2666
-2.00036 0.644103 21.0846
-3.76108 0.633018 20.5742
-2.42716 0.234833 21.2553
-3.44938 0.232407 20.9561
-2.93722 0.231405 22.4662
-3.69495 0.225876 22.2271
-2.13144 1.38268 19.202
-3.60007 1.37545 19.1313
-2.15626 1.34256 21.6822
-3.78243 1.33047 21.5072
-2.09113 0.996993 18.228
-3.50749 0.998662 18.1422
-2.3286 0.736538 22.4495
-3.68165 0.717331 22.3401
-1.94371 0.537592 19.6862
-3.77465 0.526511 19.5952
-2.3197 0.128323 19.9506
-3.38336 0.125899 19.895
-2.53701 0.124893 21.2465
-3.32944 0.119366 21.1884
-2.06269 1.31279 17.1434
-3.53257 1.30556 17.1796
-1.90734 1.27267 19.6188
-3.54193 1.26058 19.5625
-2.0932 0.927104 16.1691
-3.51205 0.928774 16.1864
-2.02352 0.66665 20.3966
-3.38094 0.647445 20.3858
-1.8403 0.467703 17.6127
-3.673 0.456624 17.6549
-2.19608 0.0584343 17.9037
-3.26098 0.056011 17.9255
-2.31873 0.0550053 19.212
-3.11328 0.0494792 19.2116
-1.91418 1.29253 14.4727
-3.38409 1.28531 14.5077
-1.76088 1.25242 16.9483
-3.39541 1.24032 16.8906
-1.94389 0.906847 13.4984
-3.36275 0.908517 13.5145
-1.87769 0.646393 17.726
-3.2351 0.627187 17.714
-1.69217 0.447446 14.9422
-3.52491 0.436366 14.983
-2.0482 0.0381771 15.233
-3.11311 0.0357537 15.2538
-2.17193 0.0347481 16.5411
-2.96648 0.0292219 16.5401
-2.09142 1.37906 14.8942
-3.55842 1.37184 14.9932
-1.83039 1.33894 17.3608
-3.46589 1.32685 17.3743
-2.16356 0.993374 13.9221
-3.58037 0.995048 14
-1.91321 0.732917 18.1428
-3.26986 0.713715 18.19
-1.84917 0.533972 15.3536
-3.67839 0.522896 15.4742
-2.19219 0.124703 15.6596
-3.25519 0.122282 15.7269
-2.2588 0.121274 16.9719
-3.05264 0.115749 17.0055
-1.96852 1.38515 12.7708
-3.43833 1.37792 12.7316
-1.94032 1.34504 15.251
-3.56986 1.33295 15.1109
-1.94904 0.999459 11.7963
-3.36691 1.00113 11.7408
-2.09623 0.739023 16.0218
-3.4513 0.719815 15.9414
-1.77049 0.540064 13.2509
-3.60294 0.528981 13.1992
-2.14073 0.130796 13.5234
-3.20534 0.128371 13.4905
-2.3303 0.127372 14.8236
-3.12379 0.121845 14.7825
-2.27029 1.49024 12.7537
-3.73742 1.48301 12.8506
-2.01275 1.45013 15.2206
-3.64827 1.43804 15.2318
-2.34105 1.10455 11.7815
-3.75797 1.10622 11.8574
-2.09668 0.844105 16.0025
-3.45339 0.824902 16.0478
-2.02869 0.64515 13.2134
-3.85807 0.634074 13.3314
-2.37214 0.235883 13.5189
-3.43523 0.233462 13.5847
-2.4406 0.232458 14.8311
-3.2345 0.226933 14.8636
-2.26391 1.51725 10.9242
-3.72967 1.51003 11.0401
-1.9745 1.47714 13.3876
-3.60974 1.46505 13.42
-2.34724 1.13156 9.95304
-3.76306 1.13324 10.0473
-2.04831 0.87112 14.1706
-3.40432 0.851917 14.2334
-2.01639 0.672166 11.3808
-3.8441 0.66109 11.5224
-2.35586 0.262899 11.6907
-3.41801 0.260477 11.7702
-2.40735 0.259473 13.0037
-3.20076 0.253948 13.0464
-2.03424 1.47206 8.14213
-3.4986 1.46484 8.27448
-1.71713 1.43196 10.6021
-3.3519 1.41987 10.6529
-2.12848 1.08637 7.17193
-3.54315 1.08805 7.28207
-1.78213 0.825938 11.3858
-3.13735 0.806735 11.4639
-1.7816 0.626979 8.59585
-3.60759 0.615903 8.75804
-2.11756 0.217712 8.90961
-3.17875 0.215291 9.00103
-2.15428 0.214289 10.2231
-2.94715 0.208764 10.2747
-2.21527 1.51976 7.38836
-3.68012 1.51254 7.51526
-1.90734 1.47966 9.84951
-3.54229 1.46757 9.89418
-2.3059 1.13406 6.41782
-3.72098 1.13574 6.52268
-1.97527 0.873638 10.633
-3.33076 0.854438 10.706
-1.96433 0.674672 7.84303
-3.79092 0.663599 7.99841
-2.30146 0.265407 8.15553
-3.36298 0.262987 8.243
-2.34308 0.261987 9.46886
-3.13614 0.256464 9.51754
