1 14 14

6.248975 0.889600 19.420836

1.520800 1.636200 3.860000

721.530000 0.000000 609.550000 
0.000000 721.530000 172.850000 
0.000000 0.000000 1.000000 

794.786144 221.633881
909.804915 211.077644
908.062206 211.077644
794.786144 221.633881
761.674679 209.835733
887.149702 167.610785
761.674679 210.456689
911.547624 211.077644
831.383025 189.965170
796.528852 189.344215
836.611151 171.336516
824.412191 171.336516
887.149702 167.610785
887.149702 167.610785

0.336926 0.017588 0.306394 0.035700 0.281191 0.004273 0.103029 0.003048 0.348654 0.006412 0.314922 0.044201 0.358774 0.020487 

5.015158 1.541439 18.610246
4.872915 1.541568 20.168645
7.474648 1.438912 18.865841
7.340703 1.425293 20.298006
4.302195 0.991783 18.766544
4.187402 0.992213 19.905422
8.117786 0.793623 19.115664
8.022518 0.788236 20.162264
5.745897 0.527027 18.623803
5.598593 0.524829 20.253543
5.971035 0.040248 18.939317
5.881157 0.040550 19.971543
7.176432 0.021760 19.072431
7.104295 0.020768 20.033313

0.071628 -0.038007 0.048078 0.080000 -0.037997 -0.044333 -0.071214 -0.031727 0.031575 -0.063475 -0.030890 -0.050253 0.113691 -0.005810 0.039082 0.120578 -0.005839 -0.028990 -0.108115 0.005417 0.016463 -0.102685 0.005680 -0.041851 0.027506 0.021243 0.046523 0.036100 0.021364 -0.048766 0.014865 0.049289 0.028083 0.020107 0.049276 -0.032241 -0.052126 0.049887 0.020398 -0.047954 0.049937 -0.035357 
-0.024503 -0.009450 0.025886 -0.013715 -0.006482 -0.025737 -0.005814 0.011312 -0.049319 0.007662 0.011743 0.056220 0.100651 0.010638 0.101893 0.114175 0.009810 -0.082283 0.074179 -0.005826 -0.059350 0.074347 -0.007599 0.067218 -0.084229 0.015318 0.016817 -0.080748 0.014878 -0.025576 -0.085336 -0.000924 0.014399 -0.083380 -0.001560 -0.023170 -0.003417 -0.041950 -0.021173 -0.006651 -0.043818 0.026423 
0.027380 -0.043016 -0.038808 0.038169 -0.043801 0.051226 0.026080 -0.031686 -0.006408 0.017433 -0.034652 0.016145 0.021734 0.003442 -0.031934 0.011542 0.003354 0.027936 0.105238 -0.003151 0.021991 0.099523 -0.004272 -0.000247 0.027096 0.006444 -0.032084 0.030365 0.004070 0.032161 -0.015532 0.037107 -0.001599 -0.011186 0.035215 -0.011833 -0.185033 0.044175 -0.004783 -0.186948 0.042107 -0.029533 
0.014165 0.096136 -0.084509 -0.005178 0.097739 0.067074 -0.007422 0.066602 0.064344 0.014806 0.067125 -0.072534 0.051045 -0.015059 0.032760 0.040150 -0.014542 -0.021344 0.005994 0.024121 0.106884 0.023388 0.033402 -0.090522 -0.003111 -0.042972 0.007520 -0.000072 -0.038337 -0.004377 -0.080983 -0.087234 0.025849 -0.061358 -0.086295 -0.013979 -0.014133 -0.074899 0.010899 0.006131 -0.069173 -0.006083 
-0.121828 0.025727 -0.039960 -0.124584 0.029809 0.011175 -0.024746 0.009926 -0.025210 0.013801 0.006103 0.029896 0.027858 0.006271 0.051867 0.037010 0.004781 -0.054240 -0.038651 0.006530 0.006391 -0.020509 0.008035 -0.012677 0.088353 0.010219 0.026652 0.080477 0.011397 -0.015391 0.112584 -0.012579 -0.008131 0.093761 -0.012580 0.029136 -0.051086 -0.036052 -0.087964 -0.065317 -0.038945 0.079013 

0.250000 0.270000 0.010000 -0.080000 -0.050000 