0.297724 -0.60276 0.738304 -0.522924 -0.234852
0.332599 -0.313303 0.905912 -0.809695 -0.196552
0.392812 -0.672074 1.0135 -0.983691 0.302671
0.300153 -0.611538 0.954124 -0.302849 0.0955398
-0.108873 -0.125714 0.448432 -1.13621 -0.164619
-0.269688 -1.17005 0.796103 -0.645738 -1.14064
0.191577 -0.464057 0.403502 -0.694762 -0.567108
-0.153262 -0.0689632 1.44803 -0.693933 -0.738194
-0.242286 0.181562 1.81109 -1.0087 -0.177483
-0.96711 -0.322436 -0.309222 -1.12736 -3.09269
-0.683261 0.398333 0.815395 -1.5871 -1.05377
-0.499063 -0.0759284 0.34326 -0.453574 -0.672022
-1.35457 0.567867 0.810688 -0.806663 -1.46931
-0.804514 0.473821 0.304299 -1.36134 -1.26843
-1.02862 -1.27193 -0.154861 -1.01651 -1.5135
